    0.0 1.244E-03
   10.0 4.145E-04
   20.0 8.788E-05
   30.0 1.716E-05
   40.0 3.635E-06
   50.0 9.786E-07
   60.0 2.746E-07
   70.0 6.777E-08
   80.0 1.593E-08
   90.0 3.512E-09
  100.0 6.301E-10
  110.0 9.750E-11
  120.0 2.040E-11
  130.0 7.305E-12
  140.0 3.533E-12
  150.0 1.995E-12
  160.0 1.239E-12
  170.0 8.211E-13
  180.0 5.706E-13
  190.0 4.106E-13
  200.0 3.037E-13
  210.0 2.294E-13
  220.0 1.764E-13
  230.0 1.376E-13
  240.0 1.086E-13
  250.0 8.663E-14
  260.0 6.970E-14
  270.0 5.650E-14
  280.0 4.611E-14
  290.0 3.785E-14
  300.0 3.121E-14
  310.0 2.588E-14
  320.0 2.154E-14
  330.0 1.800E-14
  340.0 1.509E-14
  350.0 1.269E-14
  360.0 1.071E-14
  370.0 9.051E-15
  380.0 7.670E-15
  390.0 6.513E-15
  400.0 5.542E-15
  410.0 4.727E-15
  420.0 4.036E-15
  430.0 3.451E-15
  440.0 2.955E-15
  450.0 2.534E-15
  460.0 2.176E-15
  470.0 1.871E-15
  480.0 1.611E-15
  490.0 1.389E-15
  500.0 1.198E-15
  510.0 1.035E-15
  520.0 8.954E-16
  530.0 7.753E-16
  540.0 6.721E-16
  550.0 5.833E-16
  560.0 5.068E-16
  570.0 4.409E-16
  580.0 3.840E-16
  590.0 3.349E-16
  600.0 2.925E-16
  610.0 2.557E-16
  620.0 2.239E-16
  630.0 1.964E-16
  640.0 1.725E-16
  650.0 1.517E-16
  660.0 1.337E-16
  670.0 1.180E-16
  680.0 1.044E-16
  690.0 9.249E-17
  700.0 8.211E-17
  710.0 7.306E-17
  720.0 6.514E-17
  730.0 5.822E-17
  740.0 5.215E-17
  750.0 4.683E-17
  760.0 4.216E-17
  770.0 3.805E-17
  780.0 3.443E-17
  790.0 3.124E-17
  800.0 2.842E-17
  810.0 2.593E-17
  820.0 2.372E-17
  830.0 2.176E-17
  840.0 2.001E-17
  850.0 1.846E-17
  860.0 1.707E-17
  870.0 1.583E-17
  880.0 1.472E-17
  890.0 1.372E-17
  900.0 1.282E-17
  910.0 1.200E-17
  920.0 1.127E-17
  930.0 1.060E-17
  940.0 9.994E-18
  950.0 9.441E-18
  960.0 8.935E-18
  970.0 8.472E-18
  980.0 8.046E-18
  990.0 7.654E-18
 1000.0 7.292E-18